1066

TABLE CHRONOLOGIQUE

1290

Fevriert') — 2049.

7 - 2051, 2052, 7534.
3 -

9- 1887, 2055, 2090, 2111, 2114, 2117, 2119,

2121, 2153.

10 — 2057-2060, 2077, 2091-2093, 2099, 2100,2270.

11 - 2070, 2102, 2126, 2127.
12 — 2044-2040, 2154.

13 - 1770, 2001, 2002, 2005-2007, 2078, 2082,
2087, 2094, 2096, 2104, 2105, 2108, 2122,

2130, 2131, 2134, 2160, 2316, 7368.
14 -

15-2048, 2008, 2097, 2101, 2109, 2118, 2120,

2123, 2156, 2422.

n 16-

17 — 2050, 2128, 2129, 2132, 2133.

18 - 2080, 2081, 2110, 2113, 2135, 2155.
19 -

20 - 2098, 2112, 2124, 2125, 2130-2138.
21 - 2095, 2107.

n 22 -
1) 23 - 7243, 7369, 7538, 7539.
n 24 — 2276, 2278, 2279, 2283, 2289.

25 - 2273—2275, 2291, 2299, 2300, 2323, 2532,

2533, 2619.

ι 26 - 2318, 2467.

27-

11
» 28 - 2280-2282, 2305, 2356, 2357, 2535-2537.

Mars(1)1- 2277, 2284, 2301, 2303, 2310, 2354, 2303,

Ψδυθξ

2541.
2 - 2288, 2292, 2302.
3 - 2488, 2540, 2548, 2014.

4 — 2285, 2286, 2294-2298, 2351-2353, 2449, 2450,

2543-2545, 2547, 2550, 2684.
5 -- 2304, 2309, 2311, 2358, 2744.
6 - 2293, 2324-2329, 2365, 2384-2386.

7 - 2287, 2290, 2306, 2307, 2312, 2317, 2320,
3321, 2359, 2364, 2395-2398, 2412, 2410,
2417, 2442, 2040, 2772, 2773, 2822, 3027,

4253, 7540.
8 - 2418-2421, 2451.

9 - 2319, 7247, 7248.

10 - 2348, 2349, 2307-2383.

11 - 2347, 2300, 2393, 2394, 2405.
12 - 2387-2389, 2551, 2500, 2507.

(1) Date incertaine - 2400.

Mars
n
D

13 — 2399, 2474, 2503, 2504.
14 - 2322, 2300, 2540.
15- 2308, 2313-2315, 2350, 2411, 2414, 2415,

2423-2438, 2477, 2478, 2506, 2521, 2522, ,
2578-2590, 2729, 2730, 2790, 2977, 2978, ÷

7541, 7542.
10 -
17 -

18-2301, 2302, 2407-2409, 2440, 2441, 2400,

2528, 2079.

19 - 2452-2404.

20 - 2355, 2401, 2486, 2487, 2510, 2597, 2598.

21 - 2404, 2405, 2413, 2468, 2475, 2470, 2479.
2485, 2517, 2524-2527, 2534, 2004, 2075,
2070, 7543, 7544.

22 - 2518.

23 - 2390, 2391 , 2402, 2403, 2400, 2439, 2470, 2492,
2507, 2513, 2519, 2542, 2549, 2797, 4254,
4255, 4271-4274, 4283-4299, 7545, 7540.

24 - 2392, 2938, 7370.

25 - 2558-2500.

20 -

27 - 2017.

28 - 2410, 2595.

29 - 2469, 2607, 2608.

30 - 2550.

31 - 2505, 2508, 2791.

8 - 2554.
9 - 4250, 4257, 4200-4270, 4280, 4281.
10 -
11 -
12 - 7547.
13 - 2599, 2000, 4258, 4259, 4275-4278, 4282,
4304, 4305, 7548.
14 -
15 -
10 -
17 - 2489, 2497, 2498, 2520, 2553.
18 - 2493, 4279.
19 -

 

