Mai

Juin

 

ι 23 —- 4484, 4843-4846, 5131-5136, 5143-5147, 5159,
5161-5165, 5168, 5169, 5Ι8Ῑ·5196, 5198-
5200, 5207, 5213, 5228, 5284, 5287, 5359,

Ξυὲνῧ

ξ

))

&uun

&QUO

DES BULLES SUIVANT L'ORDRE DE LEUR PROMULGATION.

1291

19—5023, 5052, 5071, 5082-5087, 5126, 5173,
5360.

20-

21-5065, 5088, 5089, 5102, 5128, 5154, 5172,

5779, 5230.
77- 5067, 5103, 5105, 5175, 5176, 5379.

5615, 5616, 6720, 6721, 7606.

74 -
75 - 5153, 5174, 5705, 5706, 5222.

25 - 5124.

27 — 5078, 5118, 5197, 5202, 7322-7325.
78-5175, 5140, 5141, 5157, 5155, 5157, 5171,

5704, 5777, 5788, 5789, 7376.
79 - 5710, 7607, 7608.
30 - 5790.
31 - 6774-6776.

1- 5081, 5201, 5212, 5219, 5220, 5226, 5232,

5296, 5318, 5319, 7609.
2 - 5177, 5178, 5356.
3 -

4 - 4975, 5171,5177, 5714,5771,5376,7610-7617.
5 - 5151, 5157, 5708, 5736-5744, 6756-5764,
5270-5281, 5794, 5795, 5307, 5305, 5311,

5377, 5390, 5568, 7379, 7330, 7613.
6 - 57985300, 5308, 5330, 7377.
7 - 5317.

8 - 4848, 5215-5217, 5309, 5310,5333-5336,5339,

5391, 5397, 6719, 7328.

9 - 5774, 5245-5255, 5255-5257‚ 5283, 5291, 5292,
5797, 5301, 5303, 5371, 5337, 5337, 5340,
5347, 5354, 5355, 5363, 5386, 5487, 5483,

5498, 5579, 5578, 5664.
10 - 4841, 5773, 5793, 5344, 5346.
11 - 5338, 5364.
17 - 5375.

13 - 4849, 4851, 5734, 57685769, 5304, 5313-5315,
5370, 5377, 5374, 5331, 5341-5343, 5348,
5361, 5367, 5365, 53695377, 5376, 5385,
5387, 5389, 5405-5407, 5410, 5415, 5417,
5467, 5463, 5468, 5469, 5501, 5508, 5576,

5535, 5504, 5785, 5855, 7514, 7515.
14 - 5328.

15 - 5312, 5323.

15 - 4854, 5775, 5733, 5395, 5510, 5549.

Rea. Nxconn IV.

1073

Juin 17 - 5231, 5349-5351, 5355-5358, 5375, 5377-5380,

)

5384, 5397, 5398, 5401-5404, 5435-5440,
5444.
18 - 5357, 5381.

ι, 19 - 5358, 5612.
‚2 20 - 4840, 5235, 5345, 5373, 5374, 5382, 5383,

5399, 5413, 5416, 5419, 5441, 5442, 5485,
5515, 5759.

71- 5357, 5517.

77 - 5353, 5388, 5393-5395, 5400, 5408, 5414,
5418, 5422, 5430, 5431, 5443, 5447, 5449,
5450, 5457, 5472, 5473, 5476-5478, 5511,

5559, 5836.

73 - 5559.

74 — 5411, 5417, 5434, 5435, 6583.

75 - 5409, 5420, 5471 , 5445, 5446, 5461, 5550,
5570.

» 26 —- 5426-5429, 5432, 5433, 5448, 5454, 5455,

5480, 5488, 5489, 5497, 5690, 5704.

ι, 27 -5423, 5450-5457, 5470, 5471, 5474, 5475,

5497, 5493, 5507, 5522, 5525, 5528, 5531,
5537, 5555, 6777-6779, 7331, 7337.

ι 28 - 4485, 5487.

D
D

29 - 5424, 5425, 5481, 5523, 5538, 7335.
30-5459, 5490, 5494, 5500, 5562-5564, 5591-
5593, 5617, 7616.

Juillet 1 — 5458, 5466, 5495, 5496, 5509, 5539, 5606,

7617, 7618.

7 - 5589

3 — 5479, 5502-5505, 5513, 5542, 5755.

4 - 5485, 5491, 5557, 5573, 5687, 5688.

5-4853, 5484, 5514, 5574, 5540, 5553, 5611,
5731, 7333, 7334.

5-5519-5521, 5552, 5508, 5509, 5510, 5674-
5676.

7 -4486, 4857, 5516-5518, 5577, 5535, 5545-
5548, 5550, 5551, 5554, 5555, 5566, 5567,
5570, 5572, 5575, 5577, 5585, 5586-5588,
5503, 5507, 5513, 5514, 5521, 5522, 5527-
5529, 5635-5638, 5656, 56665668, 6730,
7519.

8 - 5551, 5574.

9 — 5556, 5571, 5579, 5618.

10 - 5558, 5584, 5590, 5752.

11 -5530, 5532-5534, 5541, 5543, 5544, 5565,
5594-5597, 5599, 5607, 5633, 5634, 5640,
5641, 5647, 5648, 5705, 5731.

135

