1068

TABLE CHRONOLOGIQUE

1290

‹Juillet 3 - 2334, 2335, 2700-2771, 2843, 2894, 4312.

4 - 2333, 2780. 2808, 2823, 2832, 2833, 2800.
2805, 2022, 2930, 2931, 3015, 3010, 7559.

5 - 2820, 2839, 7255.

6 - 2840, 2904.

7 -2336, 2628, 2781, 2809, 2834, 2836, 2841, ’

2842, 2844-2850, 2853, 2854, 2857, 2866,

2868, 2870, 2877, 2881, 2899, 2916, 2928,

2929. 2980, 3209, 7560.

8 — 2851, 2869, 2952, 2953, 7561.

9 - 2873, 2892.

10 - 2871, 2872.

11 - 2609, 2858, 2966, 2981, 2982, 7371.

12 - 2852, 2889, 2912, 2944, 3047.

13 - 2874, 2897, 7562.

14 - 2970, 3012.

15 - 2820, 2891, 2893, 2895, 2896, 2898, 2902, 2903,
2906, 2908, 2917, 2919, 2946, 2956, 2964,

2967, 2993, 3003, 3004, 3018, 4361-4365.

10 -
17 - 2905, 2907,
18 - 2339, 2900, 2911, 2921, 2941, 2949-2951,

2976, 3005.
19 -— 2913, 2914, 2918.
» 20 — 3030.
› 21 — 2790, 2888, 2915.
22 -
23- 2337, 2774, 2909, 2910, 2920, 2942, 2943,

2945, 2948, 2954, 2955, 2965, 2971, 2974,
2975. 2087, 2988, 2994, 3000, 3058, 3088,
4317, 4321, 4322, 4320-4330, 4300-4309,
7372, 7503.
24 -
, 25 — 2932-2937, 2979, 3327.
1, - 20 - 2957, 3001, 3002, 3025.
27 - 2900-2903.

28- 2923, 2940, 2908, 2972, 2973, 2980, 2990,

3014, 3019, 3032, 3007, 3503.

29 - 2984, 3013, 4315.

30 - 2983, 2985, 2900-2998, 3007-3011, 3040, 3059,
3152.

› 31 - 2958, 2995, 3000, 3020,3054,3008, 4324,4325.
Amnum-2901, 2939, 3031, 3041, 3139, 3140, 3352,

4310, 4323, 4331-4344, 7257, 7258.
2 — 3112.

(1) Dates incertaines — 7259, 7260, 7262.

Αοὺῑ

»
Sept.

3 -— 2338, 2991, 3052, 3053.

 

4 - 3184.
5 - 2959, 3045, 3050, 3051, 3001, 3077, 4370, 1
7504, 7565. .

6 — 3026, 3000.

7 - 2989, 3080-3083, 3105.

8 - 2992, 2999, 3048.

9 - 3049, 3071, 3072, 3102, 3103.

10 — 3017.
11 - 3021, 3022, 3042-3044, 3538.
12 - 3201.

13 - 2340, 2341, 3055-3057, 3075, 3070, 3079, ³
3124, 3153, 3294, 3345, 7274. ³
14 - 3066, 3162.
15 -
10 - 3002, 3003, 3123.
17 - 3085-3087.
18 - 2827, 3034, 3069, 3070, 3073, 3074, 3174.
19 — 3122.
20 -
21 - 3035-3040, 3104, 3128, 3120, 4360.
22 —
23 - 2883, 3023, 3024, 3064, 3078, 3096-3101, ,
3105, 3100, 3115, 3110, 3142-3151, 3180, ,
3101, 3102, 3221, 7201, 7373, 7500, 7507.-
24 -
25 - 3117-3119, 3163.
20 - 3065, 3111.
27 - 3113, 3120, 3188.
28 - 3091, 3110, 3181, 3182, 3343.
29 - 3108, 3247, 4252.
30 - 3090, 3107, 3109, 3126, 3127, 3179. ’
31 - 2090, 3125.
1 - 2342, 3084, 3092-3094, 3100, 3172, 3173, 3195,
3196, 3213, 3251, 3501, 3502, 4375, 4370.
2 - 3095, 3114.
3 - 3157, 3218.
4 - 3134, 3210, 3297, 3397-3402.
5 - 3136, 3137, 3158, 3159, 3101, 3104, 3100,·
3107, 3183, 3180, 3194, 3202, 3211, 3213...»
3244, 3253-3250, 3293, 3298.
6 — 3185, 3187, 3190, 3299, 3387.
7 - 4371.
8 - 2029, 3214-3210, 3242, 3243, 4372, 4373.-
9 - 3130-3133, 3135, 3138, 3108-3170, 3178,
3180, 3219, 3227, 3250, 3272, 4374, 4381-
4383, 7508. ⁴*

 

