1076 TABLE CHRONOLOGIQUE
1291
Nov. 30 - 1760. 14 - 6306, 6307, 6313.
D6c.(1)1 - 6280, 6281, 6284, 6285, 6292, 6303, 7385, » 15 - 6364, 6365, 6363.
7616, 7641. » 16 - = ι,

2 - 6352.
3 - 6243, 6334, 6335, 6337, 6333, 6345, 6332.
4 — 6418.

5 — 6241, 6232, 6233, 6296, 6291, 6342, 6357.
6 - 6346-6349.

7 - 6276.

8 ..-

9 - 6295-6297, 6324-6329, 6374.

16 - 6242, 6233, 6239, 6336.

11 - 6294, 6341.

12 - 6279, 6379, »
13 — 6286, 6293, 6309,6310,6317-6321‚6356‚ 6361, ))
6372, 6375, 6376, 6380, 6393, 6849, 7642. »
n
ate incertaiue - 5744.
1 - 6397, 6404, 7340-7342. Janv.
2 — 6395. D
3 - 6381, 6426, 6421, 6472.
4 .-

5 -— 6350, 6351, 6383, 6386, 6396, 6399-6401,

6 6436, 6511, 6512, 6585.

7 .-
3 - 6429, 6474.

9 — 6398, 6403, 6406-6408, 6426, 6427, 6433-6435.

16 - 6353, 6354, 6469.
11 - 6387.
12 - 6253, 6259, 6415, 6466.

. 13 - 6384, 6390, 6402, 6405, 6422-6425, 6428,

6431, 6446, 6456-6452, 6454, 6463-6471,
6491, 6521, 6559-6561, 6575, 6532, 6591,
7333-7396, 7645.

14 -
15 - 6437-6442, 6447, 6448.
16 - 6385.

17 — 6416, 6417, 6432, 6590.

18 — 6564, 6565, 65136526, 7391.

19 - 6455-6453, 6536-6535, 7392.

26 - 6640.

21 - 6333, 6419, 6467, 6475, 6493, 6563-6516,
6522, 6525, 6655.

1>

›) 31 -.

θυυῧ

))
))
))

29 -
36 - 6465, 6487.
31 - 6414.
Fev.(1)1 — 6410, 6551-6553, 6558, 6563-6576, 6536, 6531,
6613.
2 - 6526, 6544.

(1) Date ineertaine —- 6600.

17 — 6311, 6312, 7336.

13 - 6314, 6316, 6322, 6391, 7387.
19 - 6298, 6353, 6363, 6370.

20 — 6369.

21 — 6343, 6359, 6366,·6367.

22 — 6339, 6346, 6371.

23 - 6365, 6363, 6377, 6373, 6339, 7643.
24 -

25 - 6364, 6394.

26 -μ

27 -

23 - 7644.

29 -

36 - 6373.

 

22 -

23—6392, 6443-6445, 6462, 6436-6435, 6492,
6566, 6567, 6523, 6529, 6536, 6543, 6545,
6557, 6562, 6534, 6622, 6659, 6356-63561,

24 - 6449, 6527.

25 — 6539, 6549.

26 - 6463, 6476-6479, 6571.

27 - 6473,‘6486, 6494-6493, 6533, 6563-6567,
6533, 6596, 6597.

28-6412‚ 6413, 6436, 6459-6461, 6433-6496,
6499-6563, 6523, 6524, 6546, 6554, 6664,
6645, 6653, 6666, 6663.

3 -.

4 - 6546, 6536.

5- 6411, 6464, 6541, 6542, 6547, 6543, 6550,
6555, 6556, 6572-6574, 6576, 6577, 6592,
6603, 6606, 6607, 6619, 6650.

 

