1072

Mars

TABLE CHRONOLOGIQUE

1291

Avril 20 - 4819, 4861, 4916, 4917.
» 21- ι
η 22 - 4811, 4860, 4890, 4900 , 4907 , 4909, 4910 ’

21 - 4472,
4681.

1> 22-

» 23 -— 4479,

4619-4629,

4690, 4698, 4700, 4705, 4711,

7> 24 — 4686-4088.
» 25 — 7593.
1) 26 -— 4089.
1> 27 - 4699, 4710.

» 28— 4649, 4654, 4658, 4692,

4798, 4958, 7594.

» 29 - 4709, 4771, 6680-6689, 7595.
„ 30 - 4764-4769.

Avril

» -13 - 4512, 4734, 4735, 4745, 4754-4756, 4772,
4773, 4775-4777, 4781, 4782, 4793, 4802,
4805-4809, 4814-4818, 4828-4831 , 4839,
4862-4869, 4871, 4872, 4886, 4887, 4889,
4901, 4922, 4944, 4982, 4990, 4993, 5108,

ιι 17 —· 4746-4748, 4758, 4788, 4795, 4813, 4827,

31 — 4751, 4880, 4911-4913, 4988.
1 - 4480, 4668-4670, 4707,
6696-6698, 7596.
2 - 4634, 4672, 4906.
3 - 4676, 4701.
4 - 4674, 4732, 4733, 4833.

5 - 4506, 4507, 4671, 4675, 4708, 4728, 4738-
4741, 4753, 4789, 5580, 5581, 7597,

7598.

6 - 4720, 4721, 4835.

7 - 4726, 4727 , 4790-4792.

8 - 4673, 4724, 4774, 4784, 4834, 4908.

9 — 4483, 4513, 4677, 4736, 4737, 4785, 4787,

4842, 4888 , 4904 , 4972, 4973, 5129.
10 - 4482, 4508-4510, 4514, 4757 , 4799.-

11- 4481, 4730, 4743, 4744, 4750, 4770, 4800,
4847, 4876-4879, 4934,
> 12- 4511, 4778, 4780, 4797, 4812, 4873-4875,

4801 , 4803 , 4804 ,

4989, 5015, 5062, 6736.

5130, 7599.
14 -
15 - 4832.
16 - 4779, 4810, 4820, 4821 , 5016.

4881, 4984, 5017, 7600.

ἰ 1181 - 4786, 4823-4825, 4837 , 6703-6706.

4551, 4579, 4598, 4636, 4637, 4680,

4632, 4633, 4644, 4651-
4653, 4661-4663, 4665, 4666, 4684, 4685,
4712, 4723,
4725, 4796, 4836, 4895, 5109, 6710-6716.

4706, 4742, 4752,

4729, 4731, 4794,

6699-6701.
n 23 --
n 24 —
ν) 25 --

› 26 — 4749 , 4826, 4859 ,

,1 27 - 4783, 4882,

Mai

υθυὲόδδῧ

4938, 4940, 4959, 4960

5764. .

4884, 4885, 4891, 4905, 4920?
4921, 4939, 4962.

28 - 6717.

29 -

30 — 4822, 4870, 4893, 4894.

1 — 4896, 4899, 4918, 4919, 4923-4926, 4931?

4932, 4947, 4948, 4953-4956, 5004, 502 ,, .

5056, 5072, 5092, 5156.
2 - 4961, 4994 , 5069.

3 - 4892, 4928-4930, 4935, 4943, 4946, 494ᾒ “

4952, 4976, 4978, 4980, 4992, 4999, 500
5080, 5209. ’

4-4883, 4902, 4903, 4937 5006, 5020, 506-

5-4945, 4977, 4979, 5037, 5054, 5058- 5060
5179, 7601.

6 - 4981, 4986, 5114.

7 - 4897, 4898, 4914, 4927, 4933, 4983499 τ.
5005, 5008, 5010, 5021, 5022, 5026, 502
5033-5035, 5038·5040, 5043, 5047-504
5068, 5070, 5075, 5076, 5079, 5115-511ῇ

, 5137, 5138, 5218, 5285, 5801, 6702. ψ

8 - 4915, 4963-4969, 4987, 5012-5014, 5044, 513Ἰ ·

9 - 4941, 4942, 5127. ¹

10 - 4957, 5582, 5583, 6718.

11 - 5053, 5073.

12 - 4970, 5000, 5001, 5011, 5077, 5113, 5282. .

13 - 4985, 4995, 4996.

14 - 4991, 5064.

15-4838, 4971, 4974, 5003, 5007, 5009, 601
5019, 50285032, 5041, 5042, 5045, 50 ν,
5050, 5074, 5100, 5101, 5104, 5107, 511v
5112, 5119, 5120, 5123, 5142, 5148- 51 ⁵1.
5155, 5160, 5180, 5203, 5211, 5286, 54111,
5654, 7602- 7605.

16 -5025, 5158.

17-4936, 4998, 5055, 5057. >

18—5036, 5051, 5061, 5090, 5091, 5093- 5090
5106

 

