DES BULLES SUIVANT L'ORDRE DE LEUR PROMULGATION.

1289

Juil.(1)1— 987-990, 1010, 1021, 1022,1020, 1027, 1038,

1042, 1043, 1071, 1072, 1080-1087, 1314,
7360, 7495-7497,

2 - 1039, 1040.
3 - 1023, 1001, 7498.
4 - 1015.
5-1000‚ 1127‚1158,1159.
0 -1100, 1101.
7 - 1009, 1041, 1049,1070,1118,2218,2219, 2223,
2228, 2229, 7499.
8 .-
9 -
10 - 1048.
11 — 1040, 1000, 1007, 2234-2239.
12 -
13 - 2241-2244.

ι 14 - 2230-2232.
ι 15 -1016,1098,1129,1166,1171,2214, 2220-2222,

2224-2227 , 2233, 2240.

ι 16 -

ι 17 -

n 18 -1078, 1079, 1099, 1174-1177, 2217, 7500.

n 19-1044,1110‚1111.

n 20 —1017,1051,1126.

ιι 21 - 1013, 1019, 1050, 1063, 1073, 1076.

n 22 -1074, 1075, 7501.

ι 23 ·-1088-1095,1097,1100,1116,112·2,1136,1137,

1139, 1164,1168, 1277,1278, 1325-1328.
24 --
25 -1101-1108.

» 26-1125,
» 27-1068.

› 28 - 1018,1096,1112,1113,1119,1242,1243, 1252,

)>

))

1318, 7502, 7503.
29 -1077,1109,1114,1115.
30 - 1105.
31 -1153-1157, 1102‚1172‚ 1264.

Aofit 1—1121, 1124, 1130, 1131, 1133, 1140, 1141,

UUUU

1173, 1182, 1248-1251, 1255, 1319, 1320,
1470-1472, 7505.
2-1128,1163,1183,1215,1321,1322.
3- 1169, 1170, 1187, 1188, 1200, 1304, 7500.
4-

5-1120, 1138, 1191, 1202, 1216, 1217, 1257-

1259, 1311,1467, 7507.

(1) Date incertaine — 7504.

Aofit
)

δυθψδυυυνυ δυυῧυυ

υυυυῧ

Sept.

QUO&

Ψυυνυθυθ

1063

6 - 1132.

7 - 7508.

8 -1231,1241,1253.

9 -1181,1196-1201,1203-1206,1330.

10 -1192-1194.

11-1232,1233.

12 -1184-1186, 1275.

13-1189, 1190, 1218, 1291-1294, 1301, 1302,

1305, 7509-7511.

14 —
15 -1290,
16 -1287,

17 - 1207-1211, 1303.

18 -1263, 1265, 1283, 1285,1371,1456,1457.

19 -1227,

20 -1236-1240, 1271, 1359, 1518.

21 - 1220, 1223, 1254, 1261, 1202,1270, 1362.

22 -

23- 1212, 1213, 1219, 1221, 1222, 1224-1226,
1228-1230, 1234, 1235, 1269, 1273, 1276,
1299, 1464, 1465.

24-

25 - 1244, 1245, 1308, 1309, 1453.

26 - 1250, 1272, 1312,1351, 1352.

27 -1266,1268,1281,1286,1288,1316,1363,1364.

28- 1280, 1282,1284, 1329, 1333, 1395,1547,

1790, 2036.
29 - 1274, 1307.
30 - 1306.

31-1267, 1313, 1315,1331,1350,1406.

1- 1246, 1279, 1298, 1341, 1375, 1399, 2251,
2271, 2272, 7301.

2 — 1289.

3 - 1297, 1349, 1353-1355, 7512.

4 - 1372, 1373, 2012.

5 -1310,1334-1336,1339,1340,1356,1365, 1369,
1378, 1379, 1382, 1396, 1538, 1539, 1550,
7362, 7363.

6 - 1332.
7 - 1324, 1337, 1338.

8 - 1296, 1387.

9 - 1247, 1357, 1374, 1400.
10 - 7513. ’
11 - 7514.

12 - 1389, 1403, 1428, 1582.
13- 1323, 1342-1347, 1361, 1366, 1367, 1370,
1376, 1377, 1380, 1383-1386, 1388,1398,

