 

J anv.

DES BULLES SUIVANT L’ORDRE DE LEUR PROMULGATION.

1291

15 - 3644, 3897, 3950-3955, 4024, 4025, 4094.

1. 16 - 3566.
‚2 17 - 4012, 4043.
2, 18-3972, 3986, 3987, 3999, 4017, 4019, 4021,

4022, 4030, 4035, 4036, 4038, 4066, 4067,
4088.

ι 19 - 3981.

n 20 - 3965, 3971, 4010, 4011.

n 21 — 3977, 4037.

ι 22 -

ι» 23 - 3567, 3991, 3996·3998, 4013-4015, 4026-

4028, 4031-4034, 4040, 4045, 4046, 4075,

7585.

‚2 24 -

‚› 25 -

» 26 -

,1 27 -

. 28 - 4061, 4069, 4155.
„ 29 - 4023.

1> 30 — 4048-4050, 4150, 4184.
n 31 -· 3570, 4044, 4059, 4425-4431.

Fevr.

ι, 10-2927, 4076, 4083, 4097, 4115, 4159, 4162,

1 - 4053, 4054, 4086, 4112.
2 - 4047, 4060, 4071.

5-4072-4074‚ 4090, 4091, 4095, 4108, 4113,
4122, 4127-4130, 4134, 4138, 4146, 4181,

4182.
6 - 3568, 3569, 4052.
7 - 4068.

8 — 4042, 4051, 4117.
9-2926, 4089, 4103-4107, 4118, 4119, 4125,
4198.

4189, 4190, 4207-4216, 7374.

n 11 — 4085, 4224-4234.
› 12 -— 4077-4082, 4121, 4131, 4235, 4236.

„ 13-4055, 4056, 4109, 4114, 4120, 4123, 4132,
4133, 4136, 4139-4144, 4157, 4158, 4160,
4164-4168, 4170, 4177-4180, 4183, 4188,
4195, 4196, 4202, 4221, 4222, 4242, 4245,

4587.

ι, 14 - 4098, 4099.

» 15-4093, 4111, 4126, 4151, 4152, 4169, 4200.
‚ 16 — 4156, 4174, 4185, 4186, 4243, 4694, 4695.
‚ 17 - 4244.

„ 18 — 4148, 4149, 4172, 4175, 4176, 4218-4220.

Ffivr.

1071

19 — 4239-4241.

5 20 -4124, 4145, 4147, 4153, 4154, 4161,4171,

4173, 4187, 4191, 4197, 4199, 4201, 4203-
4206, 4217, 4223, 4237, 4238, 7586, 7587.

» 21 -4163, 4192-4194.

» 22 - 4442-4444.

η 23 - 4434, 4436, 4437, 4535.

„ 24 - 4435-4440, 4456, 4464, 4474, 4524.

„ 25 - 4445, 4452, 4453, 4461-4463‚ 4489-4496,

4522, 4523, 4531, 4532, 4540, 5639.

‚‚ 26 - 4432, 4433, 4446, 4447, 4539.
» 27 - 4441, 4454, 4455, 4460.
‚ 28 - 4458, 4459, 4468, 7588.

Mars

1-4465, 4466, 4497, 4527-4530, 4533, 4536,
4542, 4568, 4604, 4611, 4655, 4656, 7589.

2 - 4516, 4569.

3-4457‚ 4475, 4476, 4499-4504, 4517, 4518,
4520, 4525, 4526, 4538, 4556.

4 — 4488, 4498, 4537, 4562.

5-4448, 4519, 4521, 4555, 4557, 4558, 4565,

· 4646-4648, 7316.

6 — 4478, 4505, 4559, 4574, 4585, 4593, 7375,
7590.

7 -4450, 4470, 4477, 4515, 4534, 4545, 4548,
4554, 4560, 4561 , 4570, 4599, 4667, 4696,
7317, 7318.

8 - 4552, 4553, 4678, 4679.

9 — 4467.

10 - 4469, 4566, 7591.

11 - 4571, 4584, 4704.

12 - 4541, 4543, 4544.

13-4572, 4573, 4595, 4638-4643, 4713-4719,
4759-4763.

14 - 4564, 4592.

15-4471, 4473, 4545-4547, 4563, 4567, 4575,
4580, 4581, 4586, 4588-4591, 4594, 4596,
4597, 4600-4602, 4605, 4607, 4608-4610,
4616-4618, 4635, 4645, 4650, 4657, 4660,
4664, 4691, 4693, 4697, 4702, 4722, 6362,
6707-6709, 7592.

16 - 6664

17 - 4449.

n
› 18—4549, 4550, 4582, 4583, 4603, 4612, 4615,

4630. 4631, 4682, 4683, 4703 , 4850, 5170,
6666-6679, 6690-6695, 7319-7321.
19 — 4451, 4576-4578, 4613, 4614.

›
ι» 20 - 4606, 4659.

