1074 TABLE CHRONOLOGIQUE

 

1291

suillam—5623, 5063, 6098. A01⁴1t 13—5745, 5746, 5788, 5807, 5810, 5816, 58191 1

a> 13—5569, 5576, 5598, 5601, 5619, 5620, 5644,

5645, 6212.

ι» 14 — 5642, 5643, 5660.

15 - 5600, 5605, 5630-5632, 5649-5653, 5659,
5662, 5683, 5684, 5698, 5702, 5728, 5730.

» 16 —

› 17 — 5888.

18 - 5646, 5657, 5661, 5678, 5703, 5722, 5793.
4 19 — 5679, 5680.
„ 20 - 5694, 5826.

› 21 - 5665, 5677, 5685, 5686, 5689, 5701, 5756,

5835.

„ 22 - 5729.
„ 23—5671-5676, 5681, 5682, 5691-5693, 5695,
5714, 5721, 5725, 5758, 5768, 5775, 5790-

5792, 6011, 6848.

¹> 24 -

n 25 -— 5759, 5976.

n 26 - 7620.

n 27 -— 5712, 5713, 5737, 5738, 5854, 7336.

n 28-5696, 5697, 5700, 5717, 5726, 5727, 5732,

5743, 5761-5763, 7337.

9 29 -
» 30 —- 5709-5711, 5736, 5767, 5870.
» 31 —5715, 5716, 5723, 5724, 5753, 5754, 5783,

7376.

Aot11(1)1— 5718, 5719, 5739, 5749, 5751 , 5766, 5771,
5779, 5813, 5895, 6761-6773, 6775, 6800-

6805, 7377, 7378, 7621, 7622.
2 — 5706-5708, 5740, 5872.
3 - 5735, 5757, 7379.
4 - 5872.

5 - 5699, 5720, 5741, 5755, 5760, 5770, 5773,
5774, 5776-5778, 5782, 5785, 5817, 5818,

5881-5887, 7623, 7624.
6 - 5779-5781.

7 - 5804-5806, 5840-5845, 5847, 5848, 5852,

6043, 6044.
8 - 5733, 5749, 5784, 6834.

9 - 5748, 5787, 5789, 5795-5800‚ 5803, 5894,

5825, 5856, 6732, 6774.

› 10 — 7380.

11 -- 5734, 5808, 5811, 5821-5823, 6790.
12 - 5802, 5839, 5857.

(1) Date incertaino —- 7339.

n 14-
» 15-

„ 21 -5812, 5814, 5831, 5839, 5858, 5859, :5ss

2> 22 - 6733, 6734, 6796, 6797.

» 94 - 5866, 6779, 6780. κ
„ 25 — 5850, 5851, 5865, 5906, 6014, 6781,.6824 , ,
, 96 - 4857, 5875, 5876, 5909, 5917-5919.
» 97 - 5898, 5899.

‚ 28 - 5860, 5862, 5863, 5873, 5874, 5877, 58

» 99 - 5890, 5838, 5931.

» 30- 5864, 5916.

‚› 31 — 5658, 5901, 5907, 5920, 5932.
sept. 1- 4858, 5879, 5921-5923, 5926, 5927,

„ . 2- 5794, 5937, 5952, 5973, 6095, 7382, 7 -

6273, 6735, 6737- 6760, 6782, 6783 ,6808)
6807, 6815, 6816, 6820- 6823, 6825- 68-“9’;.,
7625.

 
    
   
   
    
   
   
  
     
   

16 - 7696.
17 - 6050. ,
18-5747, 5809, 5815, 5898- 5830, 5833, 5²1³:

5869, 6094, 6791- 6795, 6798, 6799,

7627, 7628. 2
19- a ‹
20 - 5849, 5891, 5899.

5889, 5890, 6722, 6723, 6776, 6777,
6833.

23 — 4855, 4856, 5827, 5834, 5837, 5853, 5;1
5868, 5880, 5900, 5902-5905, 5908, 5 .‹
6778, 6784-6788, 6808-6814, 6817, 68 ·
7338, 7629. . .

5893, 5894, 5896, 5897, 5946-5949, ν
6013.

5934, 5945, 5978, 5997, 5998, 6045.

7630. ,
3-5929 5933, 5943 5944, 5964, 5965, <.
5996, 6040. ³
4--5913- 5915, 5939, 5940, 5991, 6017. -
5-5911 5919, 5924, 5925, 5935, 5941,
5950, 5968-5979, 5979-5986, 5989, 59 ,
6000, 6004, 6015.
6 — 5910, 5990.

7 —— 5936.

8 - 6037.

9 - 5938, 6012.
10 - 7632.

11 - 5963, 5977, 5988, 5992, 6097, 6121, 6129, Ἣ.

 

