1064

ΨΨΨΨ

)>
))
l>

TABLE CHRONOLOGIQUE

1289

1401,1405,1414, 1418, 1424,1433,145o,
1462, 1493, 1599, 2252, 2253.

14 -

15 -1348, 1416,1604, 1605.

16 -1360,1381, 1425.

17 - 1295, 1358, 1368, 1394, 1397, 1407, 1413,
1415, 1432, 1455, 1463, 1468, 1469, 1484-
1491, 1799, 9956-9959.

18 - 7364.
19 - 1817.
20—1408, 1409, 1429, 1430, 1439, 1624, 2254,

2255.
21-1422,1473,1474.

22-1391-1393, 1410, 1417, 1419, 1497, 1454,
1458, 1481, 1499, 1494, 1499-1501, 1506,
1520,1521‚1592, 1613, 7515.

93 - 1451.

24- 1390, 1490, 1491, 1434, 1438, 1618-1620.

95 -1412,1446-1448‚1621, 1699.

26-1402,1404,1426, 1466, 1496,1505, 1510,
1593, 1594, 1533-1537, 1578, 1579, 1614.

27- 1436, 1437, 1440, 1449, 1459, 1460, 1475,
1476,1519‚ 1596, 1548,1549‚ 1651.

28 - 1431, 1495.

29 - 1543-1546.

30 - 1477, 1489, 1483, 1517, 7365, 7516.

Octobre1—1411, 1423, 1435, 1441, 1459, 1497, 1522,

θυυξθυ

θθυυθδυ

U

1525, 1540, 1566, 1580, 2158.

c) .—

3-1461, 1509, 1598,1709².

4—1511-1516,1527,1550-1554.

5 — 1502, 1503. 1590, 1597, 1698.

6- 1504, 7517.

7 - 1146, 1148, 1478, 1498, 1507, 1598-1539,
1555, 1558-1564, 1569, 1585, 1587, 1695,
1699-1706, 1825, 2261.

8- 1541, 1609, 1603, 1606.

9 -1542, 1557, 1567, 1609-1619.

10 -1595, 1697.

11 - 1170, 1508,1565, 1581.

12 -1480,

13 - 1686.

14 - 1568, 1577.

15-1698, 1629.

16 -

17 -

18—

Oct. 19 —

› 20 —

9 21 -

9 22 - 1722.

9 23 -1641, 1642.

9 24 -

9 25 - 1479, 1588.

9 26 - 1584.

9 27 -

9 28 - 1583, 1586, 1635-1637.

9 29 -

9 30- 1589, 1684, 1685, 1902.

9 31 -

Nov.(1)1 — 1593.

9 2 - 1617, 1659,1660, 1754.

9 3 — 1742.

9 4 — 1600, 1601, 1663, 7518-7520.

9 5- 1570, 1591, 1594, 1625, 1631, 1632, 1643,
1645-1649, 1652-1657, 1731, 1734, 2115,
2116, 7521, 7522.

9 6 — 1615, 1616, 1630.

9 7 — 1608, 1639.

9 8 - 1571, 1572, 1607, 1696, 7523.

9 9-— 1590, 1633, 1644, 1692, 1693, 1732, 1751,
1869.

9 10 - 1670, 1671, 1710, 2260.

9 11 - 1667, 1753.

9 12 - 1626, 1627, 1638, 1669, 1679, 1689.

9 13-1574, 1650, 1658, 1661, 1662, 1664-1666,
1681, 1682, 1687, 1688, 1690, 1723, 1724,
1728, 1730, 1752, 7524.

9 14 - 7525.

9 15 -

9 16 - 7366, 7526.

9 17 -1573, 1634,1676, 1740,1741.

9 18 —- 1838, 2262.

9 19 -

9 20 - 1668, 1683, 1720, 1726, 1757, 1792.

9 21 - 1725.

9 22 - 115Ο,1152, 1575, 1672, 1708,1709,1721, 1733.

9 23 —

9 24 - 1442, 1937.

9 25 —- 1886.

9 26 -1149, 1151, 1744-1748.

9 27 —1822-1824, 1826-1836.

(1) Dates ineertaines — 1714, 1715.

 

 

 

