 

DES BULLES SUIVANT L‘ORDRE DE LEUR PROMULGATION.

1290

Sept. 10 — 3193, 3233-3235.

11 -3141, 3198, 3200, 3226, 3231, 3232, 3249,
3278, 3300, 3301, 3332, 3419, 3429, 3430,
3431.

» 12 - 3171, 3204, 3217, 3228, 3229, 4384, 7569.

. 13-2884, 2885, 31543156, 3197, 3199, 3205,
3206, 3230, 3245, 3246, 3257-3260, 3290,
3291, 3295, 3296, 3302, 3303, 3312, 3328,
3348, 3349, 3363, 3486, 3526, 3533, 4377-

4380, 7570.

‚ 14 -
, 15 - 3266, 3267, 3279-3282.
. 16 - 3265, 3273-3277, 3316-3319, 3357-3361, 3366,

3369-3372, 3420, 3527-3530.

ι 17-3207, 3222-3225, 3283, 3304, 3320, 3321,

3329, 3330, 3341, 3466, 3509, 7263.

‚ 18 — 32843287, 3331.

. 19 - 3336.

. 20 - 3220, 3261-3263, 3438, 7273.

‚ 21 -

‚ 22 - 3203, 3208, 32483288, 3307, 3310, 33153325,
3333, 3337, 3338, 3386, 3403, 3404, 3506.
‚ 2 -

. 2Ξ — 3264, 3268-3271, 3322, 3346, 3347, 3908.

. 25 - 3490, 7275.

. 26 - 3324, 3344, 3465, 3468, 3470, 3491, 3511,

3512, 3701.

ι 27 -3289, 3305, 3306, 3308, 3309, 3323, 3334,
3335, 3342, 3355, 3367, 3393, 3409, 3426,
3427, 3440-3442, 3446, 3454, 3531, 7264-

7267.

» 28-3292, 3311, 3313, 3314, 3340, 3350, 3351,

3417.

» 29 - 3328, 3432, 3467, 3469.
, ‚ 30 — 2610, 3428, 3524.
001. (1) 1- 3406, 3412.

2 - 3356, 3392.

3 - 3368, 3378, 3471, 3543, 3618.

4 — 3377, 3394-3396, 3423, 3515, 7571.
5 - 3380-3385.

6 - 3339, 3365.

7 -2924, 3353, 3364, 3407, 3408, 3411, 3416,
3418, 3421, 3422, 3424, 3425, 3436, 3449,
3463, 3483-3485, 3496, 3508, 3510, 3514,

3580, 3599, 3600, 4087, 4390, 4402.

(1) Date incertaine .— 7277.

Oct.

1069

8 - 3415, 3439, 4385-4387.
9 - 3410, 7268.

10-2742, 3175-3177, 3236, 3362, 3379, 3414,
3523.

11 -3405, 3413, 3434, 3435, 3437, 3447, 3448,
3455, 3462, 3522, 3583, 7271, 7272.

12 - 3354, 3591-3593, 7269, 7270.

13 -

14 -

15 - 2829, 3237-3240, 33883391, 3433, 3443, 3458,
3475-3477, 3479, 3487, 3495, 3507, 3519,
3532, 3576, 3616, 4391-4401.

16 -

17 - 3478.

18 — 2343, 3472-3474, 3499, 3589, 3611, 7572.

19 - 3460, 3525, 3577, 3873, 3874.

20 - 3459, 3464, 4388, 4389.

21 - 3497, 3614, 4403.

22 -

23 - 3444, 3445, 3450-3453, 3456, 3457, 3461,
3480, 3482, 3468, 3489, 3498, 3505, 3518,
3541, 3542, 3585-3587, 3590, 3609, 3653,
3690, 3700, 7276-7280.

n 24 —
» 25 — 3504, 3539, 3540.

26 - 4018, 7276,

27 -

28-3481, 3492, 3494, 3520, 3521, 3545, 3617,
3765. ,

29 - 3493, 3546, 3547.

30 - 3500, 7573.

. 31 - 3513, 3534-3537, 3582.

Nov.

1 - 3578, 3658, 3659.

2 - 3516, 3596, 3597, 3605.

3 - 3588, 7574, 7575.

4 - 3584, 3699, 7281-7290.

5 - 3548-3553, 3574, 3581, 3598, 3613, 3657,
3906, 3907, 3909, 4135, 7291-7293.

6 - 3575, 3681.

7 - 3554, 3571, 3572, 3615.

8 - 3607, 3608, 3612, 3647, 3648.

9 — 3517, 3544, 3573, 3579, 3595, 3804, 3900,
3901, 3904, 3905.

10 -

11 - 3649.

12 -

13-2344, 3594, 3601-3604, 3606, 3619-3631,

